department 人文—文學與藝術
385010
385058
385063
460024
460032
460035
460135
460146
991008
991024
991030
991032
991038
991040
991062
991065
991069
991070
991083
991120
991135
991136
991137
991138
991143
991147
991148
991149
991151
991152
991153
991156
991160
991161
991164
991166
991167
991168
991169
991170
991171
991172
991173
991175
991180
991182
991183
991185
991186
991187
991188
991189
991190
991191
991193
991200
991201
991202
991203
991204
991207
991208
991209
991210
991211
991213
991215
991216
991217
991218
991221
991222
991226
991227
991228
992176
993094
993099
Zd0002
Zd0009
Zd0011
department 人文—歷史哲學與文化
385008
385045
385057
460010
991051
991068
991071
991073
991074
991075
991084
991085
991087
991101
991104
991125
991126
991133
991134
991140
991144
991154
991155
991157
991158
991159
991162
991163
991165
991174
991176
991177
991178
991179
991181
991184
991192
991194
991195
991196
991197
991198
991199
991206
991212
991214
991219
991220
991223
991224
991225
991229
991230
992051
992073
992075
992087
992096
992154
992171
992173
994044
Zd0008
Zd0013
department 社會—法政與教育
530021
984003
992007
992020
992061
992071
992076
992078
992094
992097
992100
992101
992102
992108
992109
992111
992112
992113
992114
992131
992156
992161
992163
992166
992175
992178
992179
992180
992181
992185
992186
992187
992188
992189
992195
992196
992200
992206
992211
992218
992219
992221
992224
992227
992228
992231
992234
992239
994025
department 社會—社經與管理
030163
510020
590007
600007
991094
991205
992006
992033
992035
992043
992053
992062
992104
992105
992110
992116
992117
992118
992120
992122
992123
992125
992129
992135
992136
992139
992140
992141
992143
992151
992152
992153
992169
992177
992182
992183
992184
992190
992191
992192
992193
992194
992197
992198
992199
992201
992202
992203
992204
992205
992207
992208
992209
992210
992212
992213
992214
992215
992216
992217
992220
992222
992223
992225
992226
992229
992230
992232
992233
992235
992236
992237
992238
992240
993008
994041
department 自然—工程與科技
590008
983002
993023
993052
993055
993056
993060
993063
993064
993067
993068
993075
993085
993089
993092
993096
993098
993100
993101
993102
993103
993107
993109
993110
993111
993112
993113
993116
993120
993121
993122
993123
993124
993134
993135
993136
993140
993143
993144
993146
993148
993149
993153
993154
993155
993156
993157
993158
993159
993160
993161
993164
993165
department 自然—生命與科學
510003
530033
585001
585008
585009
600008
600009
993001
993002
993013
993022
993036
993054
993066
993070
993074
993076
993077
993086
993087
993093
993095
993104
993105
993106
993108
993114
993115
993117
993118
993119
993125
993126
993127
993128
993129
993130
993131
993132
993133
993137
993138
993139
993141
993142
993145
993147
993150
993151
993152
993162
993163
department 特色通識—國際連結(東南亞)
080336
984002
992106
994009
994010
994021
994022
994030
994031
994032
994045
994046
994048
994062
994064
994067
994083
994084
994085
994092
994094
994096
994097
994098
994099
994101
994102
994103
994104
994105
994106
994107
994108
994109
994110
994111
994115
994116
994118
994119
994120
994123
department 特色通識—淨零永續(綠概念)
993062
994001
994002
994003
994012
994019
994020
994024
994027
994036
994040
994052
994056
994074
994079
994082
994100
994121
994127
department 特色通識—社會創新(在地實踐)
993097
994013
994017
994018
994029
994047
994049
994051
994053
994054
994055
994057
994058
994059
994060
994061
994063
994065
994066
994068
994069
994070
994071
994072
994073
994075
994076
994077
994078
994080
994081
994086
994087
994088
994089
994090
994091
994093
994095
994112
994113
994114
994117
994122
994124
994125
994126
994128
